0.2037997196
0.9267048182
0.8286516870
-0.0016974626
-0.8300129190
-0.9268700855
-0.2089207778
0.6918773046
0.9861064858
0.4180235932
-0.5144896168
-0.9982207646
-0.6136654449
0.3032583021
0.9568485911
0.7825488240
-0.0671287492
-0.8584033841
-0.9108886776
-0.1813708394
0.7030756029
0.9855759926
0.4264536321
-0.4957072515
-0.9955956915
-0.6498485466
0.2463922721
0.9336023631
0.8320707387
0.0293614271
-0.7975003007
-0.9541791880
-0.3110673828
0.5918193636
0.9999374041
0.5744195421
-0.3286359253
-0.9582031515
-0.7932343484
0.0277715658
0.8252778057
0.9421335191
0.2839750332
-0.6068610725
-0.9997920730
-0.5747334141
0.3192026856
0.9524248507
0.8106422033
0.0109576587
-0.7970373266
-0.9599563590
-0.3479958074
0.5438539098
0.9978044795
0.6507225587
-0.2172959471
-0.9109840138
-0.8773288993
-0.1450511728
0.7019839392
0.9915400552
0.4958396067
-0.3913208352
-0.9692034932
-0.7837411846
0.0173240261
0.8042175517
0.9611560764
0.3672449936
-0.5125151816
-0.9928699153
-0.7018876317
0.1328424658
0.8641999165
0.9278744457
0.2766126057
-0.5868622665
-0.9993107078
-0.6460512362
0.2007951922
0.8938143050
0.9057562125
0.2294062462
-0.6204110654
-0.9999984618
-0.6239080131
0.2222530178
0.9005461393
0.9021071038
0.2276328451
-0.6165688929
-0.9999108270
-0.6381133161
0.1977887748
0.8862982533
0.9180260766
0.2713569234
-0.5749225105
-0.9974138930
-0.6869876074
0.1267584618
0.8471388279
0.9485095797
0.3587582964
-0.4913713081
-0.9842898396
-0.7640732832
0.0081209188
0.7738433585
0.9820235443
0.4847262617
-0.3596002989
-0.9460339564
-0.8567063831
-0.1571820071
0.6535143565
0.9999446879
0.6381871304
-0.1741448604
-0.8630398993
-0.9441727646
-0.3623353107
0.4728930861
0.9767967977
0.7987473881
0.0646978586
-0.7136993902
-0.9965972326
-0.5896990201
0.2240286902
0.8827201721
0.9339313972
0.3443079946
-0.4805623347
-0.9764050480
-0.8061273540
-0.0875447051
0.6898671854
0.9992584660
0.6328575439
-0.1601552886
-0.8446845247
-0.9612354217
-0.4333785210
0.3838970501
0.9442488727
0.8752503431
0.2246443599
-0.5743732682
-0.9926279060
-0.7550942051
-0.0202562511
0.7272616383
0.9970254036
0.6138925155
-0.1698948546
-0.8422640190
-0.9662714005
-0.4631148953
0.3394797745
0.9220235168
0.9096183918
0.3120694999
-0.4852637282
-0.9710866590
-0.8358797200
-0.1677771318
0.6064799965
0.9950112745
0.7528899831
0.0351108575
-0.7041656122
-0.9996657093
-0.6672352426
0.0829031857
0.7805398051
0.9907249453
0.5841878780
-0.1847084091
-0.8384706186
-0.9733437297
-0.5077811480
0.2698257481
0.8810477346
0.9519735233
0.4409664370
-0.3384876040
-0.9112606051
-0.9302857538
-0.3858075032
0.3913208352
0.9317696295
0.9111654102
0.3436778347
-0.4290889656
-0.9447527980
-0.8967438584
-0.3154377036
0.4524953817
0.9518093050
0.8884460364
0.3015758784
-0.4620447826
-0.9539036691
-0.8870337210
-0.3023070705
0.4579586416
0.9513377280
0.8926327552
0.3176203647
-0.4401410730
-0.9437427256
-0.9047378310
-0.3472766546
0.4081934110
0.9300890335
0.9221937761
0.3907551851
-0.3614782385
-0.9087165083
-0.9431575805
-0.4471514096
0.2992358221
0.8773937809
0.9650509332
0.5150312568
-0.2207571425
-0.8334195480
-0.9845190425
-0.5922512509
0.1256171728
0.7737826307
0.9974179543
0.6757602538
-0.0139688554
-0.6953993588
-0.9988590673
-0.7614072043
-0.1131085201
0.5954455525
0.9833451473
0.8437898857
0.2532238860
-0.2868452593
-0.3150647432
-0.1800558033
-0.1222785001
-0.3269537696
0.6735817369
0.5316453321
-0.3027152155
-0.6217106155
0.1276660421
-0.6187187468
-0.6426021683
-0.3317411842
0.6086775225
0.1971186454
-0.1554692062
0.1178737483
0.5315267362
-0.8830662056
-0.9316467486
-0.4397022818
0.2521171447
0.7559384365
-0.0038995411
0.7823143731
0.9742391318
-0.8501526797
-0.9732929689
-0.6009283614
0.7294009956
0.2015395627
-0.0336240055
0.2272574607
0.4497092697
-0.5022736813
-0.7395078854
-0.6766212604
0.2235839495
-0.4263213235
-0.3652141640
0.3053766106
0.8375107986
0.0580744307
-0.2432121598
-0.5211979723
-0.0420214316
-0.9739958406
-0.9763799774
0.9178350464
0.9423244634
0.6105957051
-0.6119882606
-0.0963151414
0.1206445344
-0.1785405689
-0.6469353084
0.1152292608
0.6092569804
0.8861555844
-0.1091182209
0.4253252978
0.7202177439
-0.7904918145
-0.9936630897
-0.8230983750
0.8773049599
0.7270582281
-0.0233854728
0.6646151674
0.4497605414
0.1999638359
-0.6581891784
-0.4445756629
0.0575205511
0.2672108076
-0.4215088279
0.2529993228
0.7251272156
0.3728468546
-0.6076258091
-0.3788611464
-0.4076213666
-0.0574093075
-0.9284680955
-0.7729063299
0.0403464656
0.9672747965
0.6702311865
-0.6723041582
-0.3112598848
0.1599395109
-0.8533923432
-0.7117054243
-0.4737757306
0.3910855202
0.3723070809
0.1317988290
0.0235285555
0.7670572140
0.1684498484
-0.5459619930
-0.7995601220
-0.1176530767
0.0182779873
0.4256952242
-0.0109996327
0.9340689103
0.4603353527
0.0194377735
-0.6788559960
-0.3833189174
0.0015746401
0.1853049752
-0.5129456874
0.0020237486
0.5555154656
0.7349791417
0.0187064436
-0.2356870933
-0.6804832635
0.0005233542
-0.6780008185
-0.3031381545
-0.1270543919
0.6419486803
0.6298447573
0.1469502992
-0.4701593148
0.1903987126
0.1650203446
-0.1890166865
-0.8419945783
-0.4712098182
0.2052814917
0.1400331306
0.1403715788
0.2253061545
0.0798549633
0.6653184753
-0.1097390503
-0.9560091934
-0.8124362739
0.5088187194
0.3341782200
-0.2692324592
0.4299680070
0.6789002819
0.3602777076
-0.4686387107
-0.5134031390
-0.7878507864
0.0269937942
-0.4635099728
-0.0591655959
-0.0889232188
0.6057393138
0.8004196824
0.3371932297
-0.6831922859
-0.2299372366
0.2083531362
-0.6931448944
-0.7458045975
-0.0893737053
0.7522796972
0.5446762417
0.6909635795
-0.0481516291
0.4886885805
0.0235514454
0.0288251756
-0.6198452728
-0.8123639157
-0.3843230527
0.6790380814
0.2932253527
-0.2196427287
0.5470540935
0.6862274322
0.3148774112
-0.4479657848
-0.5288222559
-0.9171718432
-0.0128182723
-0.3029468508
-0.0386295250
-0.4991619950
0.1693164095
0.9741938461
0.9626362937
-0.4138633388
-0.4971783547
0.1899813256
-0.0471083640
-0.2980105137
-0.7844337935
-0.5236286635
0.1179620401
0.3306994200
0.3805083739
0.0218221597
0.7677099738
0.1406859911
-0.0052269928
-0.6073188284
-0.7932099738
-0.5077990496
0.4799859898
0.1549018054
-0.3869665842
0.2597071258
0.5729925087
0.7560364970
0.3307284082
-0.1126617062
-0.0970830205
-0.2203422070
-0.1144813126
-0.9828271342
-0.3035659533
-0.1045150736
0.5022996919
0.7540961484
0.6082436021
-0.2948553310
0.0257263026
0.5897478161
0.0007897831
-0.4154361086
-0.9434377673
-0.8233828356
0.6830625371
0.9865826065
0.2511163797
-0.0038830703
0.8434402890
0.5904697163
0.8955058900
-0.7853698136
-0.7050110189
-0.0866195585
-0.0561324892
-0.0169506818
-0.7343330825
-0.7421956416
0.5279841752
0.8381113649
0.7080691467
0.3430452583
-0.6604398890
-0.4080376179
0.2128606860
-0.1285316781
-0.3009907400
-0.8160354483
-0.7994344507
0.8048016647
0.3955662909
0.7049422480
0.0168890723
0.3781292331
0.1934489835
0.0467413828
-0.3588998866
-0.7041028631
-0.6567755819
-0.5009768697
0.2936121124
-0.0304011583
-0.6121876878
-0.1950313553
0.1406183049
0.9839555805
0.3351160206
-0.1413500596
-0.9337178925
-0.5199888599
0.0900030228
-0.2503597204
-0.2961164266
-0.6878236953
-0.6735241653
0.8965483405
0.5471919952
0.9094404384
0.0731121740
0.1627789138
0.9308660296
0.1036703790
0.0259793491
-0.4437375007
-0.8939253110
-0.0030863518
0.1249009712
0.3141311096
-0.3013067397
-0.5268114495
0.3498457409
0.6135491846
0.9196536671
0.8724747175
-0.5023418431
-0.9418437882
-0.3694124167
0.1150143983
-0.3706707263
-0.3904402226
-0.6861153782
-0.6722409966
0.8351241867
0.5066056140
0.9650173835
0.1360812167
0.1083250033
0.8499731835
0.2677961908
0.5195302273
-0.9512658814
-0.8520518337
-0.4476823884
-0.3372423708
0.2618976387
-0.1120527869
-0.6916806369
-0.4202212771
0.7826959856
0.8667820484
0.7792256139
0.6100282301
-0.5146567611
-0.6569358472
-0.0459678297
0.2549756566
-0.4040496830
-0.4923969430
-0.8554846788
-0.9751077327
0.4485301563
0.2206363621
0.8878579885
0.1547869369
0.0550602842
0.7957282786
0.5255808992
0.2649127320
-0.0133610674
-0.3098534892
-0.6057561065
-0.8806677743
-0.0770030066
-0.0711883200
-0.7500845997
-0.1584213550
-0.5444397322
0.8048804978
0.8125386700
0.6807858927
0.6733428199
-0.1849887888
-0.1644430874
0.4498348127
0.7005293659
-0.0079965815
-0.2537265128
-0.9867248588
-0.5628478646
-0.3751920561
0.5436541149
0.5362809256
-0.0668411585
-0.3349898975
0.2824152182
0.3707130134
0.9391032810
0.3902948578
0.1105437772
-0.8939619483
-0.9486620715
-0.3196400409
0.1000084181
-0.2980281320
-0.2232650509
-0.7614781733
-0.2628245393
0.0180878862
0.1411809565
0.3421854104
0.7140627079
0.0717489801
0.1457535399
0.8784000445
0.4842335511
0.2062879926
0.0491981035
-0.1969606828
-0.6583002471
-0.1488806432
-0.3041825360
0.0326248290
-0.4057483110
-0.0777264150
-0.1534613180
-0.3010753257
0.9825688154
0.7931465783
0.6052522309
0.7153775338
-0.0470368033
-0.0690143663
0.5112108465
0.9543798730
0.6087992756
-0.4828287165
-0.5953099152
-0.9352837897
-0.3142359644
-0.2946240115
0.3082337589
0.1262514376
-0.4665317529
-0.7094988776
-0.1422766574
0.9743985919
0.8623305124
0.8734797397
0.0268359126
-0.0167384861
-0.5111978020
-0.2376772396
0.3398220097
0.4954043020
-0.1243216421
-0.1858538641
-0.9321124720
-0.7986281496
-0.8710254669
0.1884160198
0.6767599569
0.4057386064
-0.1730820207
-0.3649980219
0.1809204089
0.1726985643
0.9012748680
0.8032675778
0.9071366981
-0.1897911910
-0.7879908201
-0.6214830939
-0.0417374122
0.2863598154
-0.0717965307
-0.9670106868
-0.7759141113
-0.8819813850
-0.1508099691
-0.0340743248
0.7717717424
0.8446541209
0.3369221182
-0.1658934604
-0.1111752351
0.5887403321
0.4841236318
0.9239243763
0.5427004259
0.5333671368
-0.4932020849
-0.9514765008
-0.6966874873
-0.1092655617
0.2060592777
-0.1213251396
-0.9492767064
-0.7236119505
-0.8792075749
-0.2476704455
-0.1789555989
0.7053213328
0.9453408120
0.5533455610
-0.0152658233
-0.2021986190
0.2479862857
0.1028153361
0.8032742831
0.8534619141
0.1645055831
0.1160091876
-0.7024348453
-0.8872103918
-0.4819499694
0.0702304302
0.2443475362
-0.1996505627
-0.0496551332
-0.7828041430
-0.9155206411
-0.3251524083
-0.3301366857
0.5200304343
0.8015108851
0.4830595567
-0.0690561900
-0.3455397482
-0.0368426560
0.7600651373
0.6022434681
0.9849729850
0.6635201157
0.8065417828
-0.1131865934
-0.6166292721
-0.5136868844
-0.0107130704
0.4327133095
0.4028256553
-0.2030684379
-0.1092651024
-0.8303388223
-0.9677579263
-0.4504416846
-0.5736975741
0.1831162867
0.4454881944
0.1630376874
-0.3708412448
-0.7062772341
-0.5147933630
0.2096474189
0.1442848925
0.8260420793
0.9204587908
0.4123064729
0.6085451393
-0.0441646935
-0.2180514272
0.1115082301
0.6600564639
0.0058633674
0.8376338834
0.1357041958
-0.8145752802
-0.5815917479
-0.8260388582
-0.4846763323
-0.7984552966
-0.1728743113
0.0487528793
-0.2273300703
-0.7989573633
-0.2848251225
-0.3373625575
-0.8343284089
0.0538051448
0.9543672173
0.4893627259
0.4718852221
0.9982213606
0.3895058097
0.0170273210
0.1052717087
0.6159087958
0.2711756651
0.7014675330
0.6383513722
0.0529582697
0.1702040422
-0.6457585447
-0.0741390631
-0.9947420710
-0.5416323098
-0.0288931180
0.2115363396
-0.0025474308
-0.6135327375
-0.3540070055
-0.8794848961
-0.9368464581
-0.4859370752
-0.7166316718
0.0444853285
0.4906450577
0.4785977992
0.0916527493
-0.4057705616
-0.6980516733
-0.5697801797
-0.0074194922
0.7949236497
0.5261106127
0.9010284781
0.7893216553
0.2714218787
0.5981705781
0.0746054003
-0.0779491495
0.1808376276
0.6960559483
0.1906269854
0.3912121834
0.1501873843
0.5102575329
-0.3151432997
-0.0351582703
-0.4064357746
-0.3351955895
-0.9133234841
-0.3747747173
0.0072027106
0.0371099232
-0.3210865837
-0.9308967661
-0.5426335861
-0.8987059489
-0.8402568753
-0.3712928234
-0.6551381711
0.0536543129
0.5127527994
0.5882917681
0.3055237193
-0.1651427781
-0.5794798776
-0.7184373893
-0.4751019123
0.1041497257
0.8391751170
0.4871383766
0.8363727711
0.7864030766
0.3839178914
0.8021757747
0.2731318669
-0.0009083004
0.0775330536
0.4667672562
0.0040800120
0.4682401005
0.6622139052
0.4852997948
0.9687231881
0.2627869106
-0.4185000172
-0.8743441680
-0.9876589917
-0.7643262512
-0.3282496303
0.1248368881
0.3975340126
0.3598770541
-0.0064799587
-0.6034947193
-0.2519174620
-0.7533416035
-0.9573769572
-0.8111923174
-0.3753361335
-0.8015179639
-0.2807874797
0.0199739534
0.0121033151
-0.2875988238
-0.7644884727
-0.2450965655
-0.5541152850
-0.5706423873
-0.2658491615
-0.7107175705
-0.0522863647
0.5332602238
0.8954193817
0.9549526741
0.7265035903
0.3120264467
-0.1321065968
-0.4435980176
-0.5032833442
-0.2700843373
0.2081010160
0.8100624335
0.3780917834
0.7645558045
0.8744071843
0.6914846056
0.2815482666
0.7718986734
0.3140832336
0.0407343946
0.0288273439
0.2794028831
0.7188620240
0.2207982747
0.6417378889
0.8606113528
0.8111464717
0.4986846733
0.9974138226
0.4293772436
-0.0686076449
-0.3810374797
-0.4432920205
-0.2572156754
0.1108567387
0.5485514915
0.9271401628
0.1345632966
0.1033629417
0.8266968961
0.3588428621
-0.1994180811
-0.7264430312
-0.1097623702
-0.2730702467
-0.1937616934
-0.9071310091
-0.4966824021
-0.0733176930
0.2513250047
0.3909507326
0.3040690275
0.0025744526
-0.4521451038
-0.9642537084
-0.4258734333
-0.7415562867
-0.8492827679
-0.7334485067
-0.4272576833
-0.0043731552
-0.5620208637
-0.1995042950
0.0030941658
0.0014893478
-0.2042947910
-0.5709774032
-0.0220706449
-0.4645136187
-0.8082201673
-0.9844303923
-0.9591770150
-0.7393262464
-0.3702558471
-0.9259433742
-0.4937084234
-0.1568065692
0.0216483113
0.0103684247
-0.1848986308
-0.5233850573
-0.9378851548
-0.3480373582
-0.6756420547
-0.8590929357
-0.8642960882
-0.6902149050
-0.3682426952
-0.9557573745
-0.5252404615
-0.1510689853
0.1035973826
0.1975412496
0.1180551615
-0.1176150526
-0.4659928136
-0.8654183299
-0.2468885514
-0.5457611556
-0.7123424740
-0.7196589545
-0.5672560043
-0.2805710914
-0.9061653629
-0.5037484689
-0.1363959172
0.1394250443
0.2824547848
0.2725910355
0.1133863936
-0.1691405081

