-0.9790126017
-0.3757900742
0.5597645770
0.9999985593
0.5577441657
-0.3753822646
-0.9779325685
-0.7220150936
0.1661144143
0.9084361703
0.8574966089
0.0596263797
-0.7895661605
-0.9529083913
-0.2905869470
0.6225892209
0.9977443215
0.5129752725
-0.4126521743
-0.9834147745
-0.7111151078
0.1692334563
0.9045094248
0.8684896780
0.0937508355
-0.7600637253
-0.9691701854
-0.3583107976
0.5546695284
0.9995688604
0.6033185481
-0.2992358221
-0.9503878594
-0.8060706178
0.0111887362
0.8185610482
0.9444566843
0.2860886583
-0.6089164709
-0.9996142957
-0.5647269636
0.3352378740
0.9588316747
0.7948079257
-0.0203914410
-0.8183407009
-0.9476864700
-0.3047735288
0.5855418159
0.9999399631
0.6039300456
-0.2801495831
-0.9374960896
-0.8391799121
-0.0662285488
0.7593155810
0.9761057685
0.4124416645
-0.4798895732
-0.9894241544
-0.7121927752
0.1298010747
0.8684141204
0.9202543148
0.2462612206
-0.6210875587
-0.9998499278
-0.5943350314
0.2760054289
0.9301242469
0.8586781636
0.1192028994
-0.7122876894
-0.9911371647
-0.5031485907
0.3728927635
0.9609815120
0.8096867790
0.0371228933
-0.7632940457
-0.9796332430
-0.4484372735
0.4237991076
0.9733307630
0.7842768069
0.0017539923
-0.7814977871
-0.9749890236
-0.4347604524
0.4315121936
0.9737470348
0.7873009592
0.0133543260
-0.7699424627
-0.9802446636
-0.4631148953
0.3965200154
0.9624787894
0.8182078629
0.0718715943
-0.7266691319
-0.9919336129
-0.5313716272
0.3167484447
0.9334304928
0.8709501923
0.1765602212
-0.6451294582
-0.9999670248
-0.6333770256
0.1887584658
0.8746659083
0.9331064382
0.3240675137
-0.5158043942
-0.9875696515
-0.7569141205
0.0105176591
0.7698812809
0.9847200453
0.5051357562
-0.3294507407
-0.9320478113
-0.8811198154
-0.2141681958
0.6016665273
0.9979048988
0.7004521258
-0.0824254573
-0.8076230963
-0.9745825496
-0.4698990293
0.3574522979
0.9388567542
0.8769605706
0.2159471746
-0.5917420800
-0.9961605918
-0.7239359547
0.0385034824
0.7742682540
0.9870918314
0.5352644709
-0.2757289683
-0.9012119937
-0.9233759012
-0.3292325415
0.4836701737
0.9744408199
0.8185935187
0.1212016508
-0.6556163066
-0.9997948211
-0.6863603350
0.0770736314
0.7893896246
0.9854621953
0.5390652301
-0.2575258832
-0.8862982533
-0.9406133545
-0.3871338716
0.4154447993
0.9500592757
0.8743678368
0.2387272518
-0.5489126467
-0.9858249510
-0.7950987447
-0.0997625360
0.6581463920
0.9993834238
0.7100357671
-0.0258547795
-0.7448470521
-0.9965576059
-0.6251060811
0.1358826066
0.8116184592
0.9827933677
0.5449468063
-0.2293512236
-0.8614861030
-0.9629091679
-0.4730273665
0.3061803568
0.8975235938
0.9409708507
0.4118301952
-0.3668356801
-0.9225793031
-0.9202543148
-0.3630500757
0.4120407688
0.9390876135
0.9032622319
0.3277836950
-0.4425499435
-0.9489462868
-0.8917667461
-0.3066904742
0.4589810894
0.9534421795
0.8868565943
0.3001129621
-0.4617046434
-0.9532105933
-0.8889734994
-0.3081501699
0.4507846096
0.9482179622
0.8979286363
0.3306806132
-0.4259688454
-0.9377627233
-0.9128954700
-0.3673341664
0.3867281208
0.9204946416
0.9323805463
0.4174138325
-0.3323458715
-0.8944582813
-0.9541791880
-0.4797709383
0.2620623902
0.8571713974
0.9753288082
0.5526408028
-0.1752776512
-0.8057533467
-0.9920787902
-0.6334512140
0.0718152106
0.7371214821
0.9999024308
0.7186234980
0.0477552467
-0.6482739153
-0.9935826401
-0.8033956646
-0.1817479609
0.5366736707
0.9674077029
0.4610981217
0.1035874139
-0.0775743759
-0.6094952864
-0.1867134460
0.1277351653
-0.5873873821
0.3168843485
0.8710975532
0.0532166442
-0.9830931514
-0.0488908240
-0.0426373227
-0.5194168360
-0.1200260487
0.3902033467
0.9612121330
0.9755153735
-0.6484090189
-0.3817858003
0.1088954051
-0.0132804946
-0.5523195288
0.2403102817
0.7499330462
0.8443355413
-0.2427171607
0.3135272607
0.4048985324
-0.2089967180
-0.8564026409
-0.0993796466
0.2904114431
0.5735368003
0.0285118074
0.9274221938
0.8934069653
-0.0203477175
-0.9388708194
-0.4821445273
0.6979709025
0.1100481335
-0.0225955242
0.2841923302
0.4783416334
-0.4606725076
-0.6989040359
-0.6984590986
0.1784228462
-0.4684011725
-0.4787525753
0.1817346041
0.9183663005
0.3045324401
-0.1349588751
-0.5822897928
-0.0099989932
-0.9057352487
-0.2092876138
0.5197074700
0.9185074009
0.9613538974
-0.4352858051
-0.1581894279
0.2954862693
-0.8476153369
-0.8234722196
-0.5374933980
0.3212970123
0.1783818312
0.0533184221
0.2693485042
0.9512294331
-0.0902332613
-0.8063335633
-0.5027557643
0.3043818544
0.8496361453
0.0525577984
0.2432466924
0.4183527704
0.1068115927
-0.8789745460
-0.7704629424
-0.6127800842
0.2692136942
-0.3247374984
-0.4391985475
0.0384923525
0.9450621228
0.6089311984
-0.0726019819
-0.8994846344
-0.0328640640
-0.4999195376
-0.3015396312
-0.3132684434
0.5625843151
0.6812430120
0.1507801151
-0.5084828656
0.1701211410
0.0651867899
-0.3298983094
-0.7216284344
-0.0647234199
0.4295526138
0.9608056974
0.0033796838
0.4060637601
0.0438876875
-0.0027789778
-0.7249801728
-0.6513658606
0.0023590874
0.7595044975
0.0815873755
-0.0070393578
0.1898486556
0.6183878635
0.0660786393
-0.5449289830
-0.2187306742
-0.0459400789
-0.0948739168
-0.8117037734
-0.1728105857
0.5145860324
0.8528414987
0.2981779702
-0.9277131555
-0.4902880083
0.0673514976
-0.7286626863
-0.5782620516
-0.6149918191
0.2637593155
0.6592517912
0.4490013547
-0.2177812800
0.4082723637
0.5618123496
-0.7993224649
-0.9671398024
-0.1498428086
0.5922448005
0.0182792521
0.2026343206
0.1192244757
0.1404994110
0.3488611403
-0.2023856487
-0.7207131530
-0.3688791309
-0.0505825693
0.1975725554
-0.5021912232
-0.2650302255
0.2189408280
0.9500734793
0.7362145508
-0.8773535558
-0.9756895777
-0.1285135805
-0.2118148749
-0.2138126085
-0.2251217998
0.3907907404
0.7795316372
0.3234772144
0.0166011911
-0.2165238102
0.4752401317
0.2894185576
-0.1414629381
-0.9630124617
-0.8984257568
0.7542476200
0.0475294301
0.2240690122
0.0992257240
0.0559107888
0.3992105927
0.0651004998
-0.5660901195
-0.5983082135
-0.3486398574
0.2678119046
-0.3167032085
-0.5809162374
0.5509496834
0.8614470561
0.5502889285
-0.0853052705
-0.0581410503
-0.5558308816
0.0418197088
-0.5553358121
-0.4907261705
-0.0487847575
0.6745161367
0.7548039966
0.1253986233
-0.0022051937
-0.0323552607
0.6722188471
0.4609906212
-0.9797679076
-0.9893488219
-0.2518624518
0.3231472243
0.8942753222
0.2481868428
-0.0794720101
0.7805283911
0.6618624723
0.0429235420
-0.6802259254
-0.6345403398
-0.0015541979
-0.0301820146
-0.1394161128
-0.8819636626
-0.6771002492
0.7853324451
0.9453385490
0.4541340298
0.0008358833
-0.6703680593
-0.1386117389
0.2543333882
-0.5412316304
-0.6816023632
-0.5487555817
-0.0183284344
0.2930853562
0.1449645447
0.2338132272
0.0890010417
0.8892942378
0.2328447101
0.1513462598
-0.4366759490
-0.8469069634
-0.8051155662
0.2616153617
0.1739600746
-0.4745635085
-0.2533081159
0.0303043397
0.9562770874
0.3321154288
-0.2233366620
-0.0631635405
-0.6058780411
0.0326266069
-0.3433749186
-0.3409404632
-0.4838450493
-0.2055370609
0.3188562858
0.6025698855
0.6711095484
-0.0764499949
0.2576416946
0.9259944834
0.5925564123
-0.8224941069
-0.9273744342
-0.5593569219
-0.2170079726
0.5952587055
0.2465172458
-0.3174427678
0.0946748885
0.2962868344
0.8926249828
0.0242802678
-0.5275496364
-0.2632669229
-0.7491839770
-0.0426602036
-0.2684411504
-0.1634815080
-0.4111288652
-0.3280792499
0.2108641717
0.7612437036
0.9923345394
0.0103882784
-0.0415516872
0.6329418265
0.8004398719
-0.2052678412
-0.5797391734
-0.9444913406
-0.9565031834
0.3055914956
0.6238316601
0.0387381636
-0.2971354486
0.4032003356
0.5477532651
0.8298979648
0.7717277418
-0.6870222449
-0.2431270493
-0.6799823311
-0.0251988386
-0.2657459302
-0.1532091849
-0.4970393155
-0.5864856742
0.9274280615
0.7145984256
0.2218452517
0.2342758942
-0.0768801144
0.4967078930
0.9997455303
0.4680331222
-0.9016880070
-0.9061464541
-0.6369363507
-0.4597173519
0.4172993544
0.2815743656
-0.3423442330
-0.3570684115
0.6084521046
0.7282849535
0.8587271709
0.7865768010
-0.5300172929
-0.9818106904
-0.4632304070
0.0902240455
-0.2050885171
-0.1721612208
-0.7491915200
-0.1477285887
0.2698666170
0.3387863884
0.2845856207
0.4840579867
-0.0004202856
0.4084550610
0.1848069101
0.2816679613
0.2790244242
-0.1253588167
-0.7976327715
-0.3020142153
-0.3061169257
0.1473301141
-0.2735758888
-0.8757426755
-0.7080789036
0.4029642561
0.6258018080
0.9347403296
0.1239089354
-0.0065304353
-0.4669369710
-0.0567439602
0.4818989076
0.2715103756
-0.7657881221
-0.7927520937
-0.8711942681
-0.8852524166
0.3439359943
0.8553474106
0.4597549141
-0.1282358424
-0.0488933261
0.8171952382
0.7103438431
0.7279044584
0.7083553238
-0.5968527950
-0.2226472513
-0.8791553102
-0.1792865053
-0.0033016902
-0.6261102449
-0.4463814764
-0.5675953928
-0.6671708117
0.6743983890
0.4905949295
0.2990033315
0.5098999677
0.0040046894
0.2893188306
0.0286734248
0.3700286730
0.7606828027
-0.5147159700
-0.5662469243
-0.6815868730
-0.9417612735
-0.1163863831
0.0524877796
-0.4805090390
-0.0441232139
-0.8854353370
0.1229701342
0.3408183001
0.9050979963
0.4713127913
0.4947487813
-0.1871519032
-0.0917901864
0.5034811667
0.8353334173
0.3546161007
-0.7667623885
-0.7624634369
-0.9156914072
-0.1599399128
-0.1228081348
0.4150195002
0.1747085726
-0.4096263077
-0.5930274484
0.0183719704
0.1114976492
0.9138690940
0.8295992183
0.9276238633
-0.1214506999
-0.5986169467
-0.3148963535
0.2608802728
0.4200223131
-0.1770398849
-0.2045756725
-0.9266967789
-0.7890228878
-0.8629924659
0.2132807980
0.7422054063
0.5089157155
-0.0737297750
-0.3238997473
0.1427029486
0.0930113112
0.8535492703
0.8376894071
0.0042417726
-0.1100777294
-0.8030057452
-0.7372273673
-0.1779408071
0.2388196839
0.0187561578
-0.7969332964
-0.6569427609
-0.9187736084
-0.3367597696
-0.2486578843
0.6752107141
0.9250480504
0.5146098583
-0.0529841304
-0.1825153760
0.3556559523
0.2482219053
0.8685097706
0.7377131997
0.8761919588
-0.2097365179
-0.8900809808
-0.8548422171
-0.3185438800
0.1558428582
0.0790854837
-0.6033785090
-0.4686515272
-0.9169498235
-0.5969946277
-0.6540738833
0.3705680474
0.9128244677
0.7669153411
0.2105913588
-0.2065267497
-0.0580366202
0.6568712641
0.5100596737
0.9373452677
0.6230087223
0.7133972875
-0.2817898981
-0.8286550351
-0.7172316325
-0.1864412315
0.2522706768
0.1689238861
-0.4917496856
-0.3706143815
-0.9297110911
-0.8039602962
-0.0375185742
-0.0533475753
0.6194357460
0.6803220040
0.2385135511
-0.2719491104
-0.3830161371
0.1001463462
0.9710305911
0.7505946280
0.9873484056
0.5376191599
0.6515780783
-0.1846782167
-0.5485489359
-0.3346078951
0.1920698133
0.5710935967
0.4384608571
-0.2453972863
-0.1685260727
-0.8540169632
-0.9441168558
-0.4100257381
-0.5638793192
0.1301665241
0.3299282522
0.0111633404
-0.5277152829
-0.8506694776
-0.6466801103
0.0844805492
0.0295827804
0.7404713454
0.8878811927
0.4441254045
0.6922949871
0.0604847475
-0.1216083558
0.1948311675
0.7570458506
0.1597552238
0.0772388402
0.4478843718
-0.4898746259
-0.3270882160
-0.7051304758
-0.5057641496
-0.9081173993
-0.2847976624
0.0033238819
-0.1986642279
-0.7600021365
-0.3389358909
-0.5687677124
-0.2545501105
-0.4766715807
0.4510120365
0.1436700791
0.3418075185
0.0393632797
0.4793461392
0.0223462686
-0.0419903819
0.3566900309
0.0355484794
0.6536571282
0.8854667092
0.5841269680
0.8535341758
-0.0046212264
-0.6399351899
-0.8231590073
-0.5533787525
-0.0518422196
0.3518438626
0.3835705962
-0.0414475708
-0.7783780877
-0.5231350547
-0.9574830518
-0.8985807532
-0.3824898022
-0.6440572129
-0.0049691567
0.2758967308
0.1197700780
-0.3402472565
-0.8254142225
-0.0429484645
-0.8215587588
-0.1894306252
0.6391541541
0.3604462059
0.7160437982
0.6051340167
0.1251101374
0.5244540531
0.0906914055
0.0238991204
0.3510570400
0.9172630780
0.4556877129
0.7043376285
0.5186531169
0.9322146943
0.1411576347
-0.5792991046
-0.9896260172
-0.9835073208
-0.6281547485
-0.1322527301
0.2434363118
0.2947769672
-0.0424734584
-0.6679356134
-0.3589088007
-0.8610336824
-0.9898910497
-0.7028912541
-0.1137901606
-0.4455919299
0.0581363880
0.2279145249
0.0321204565
-0.4139006993
-0.8954360859
-0.1830112154
-0.1208310594
-0.6854639962
0.0065642865
0.7437782440
0.2992011752
0.5138697549
0.3534925438
0.9181751390
0.4029301378
0.0246658759
-0.0570201194
0.2034388386
0.7230477162
0.3219339821
0.7887481836
0.9557856573
0.7571970592
0.2504264741
0.5944403830
-0.0065419872
-0.3735276197
-0.4129541315
-0.1464396705
0.2991237073
0.7366738737
0.9831764640
0.9209870926
0.5361219507
-0.0785247382
-0.7550771148
-0.3062891777
-0.5861609287
-0.5358668030
-0.2006884299
-0.7133901032
-0.2502886063
0.0253206419
0.0142519418
-0.2887568612
-0.7951360369
-0.3515696766
-0.7882838663
-0.9712178030
-0.8421141632
-0.4347773122
-0.8633258311
-0.2867849535
0.1387563464
0.3059220148
0.1863819684
-0.1626438854
-0.6168703516
-0.0223175840
-0.2402588969
-0.1866818152
-0.8552313714
-0.3176713817
0.2975698727
0.8421056456
0.1888961578
0.2666245614
0.0779415367
0.6971170218
0.2483864187
-0.1285664117
-0.3163420241
-0.2506327684
0.0638208985
0.5558425970
0.1077194866
0.5866611380
0.8793206623
0.9204194156
0.7083662343
0.3043368052
0.8155876234
0.3677015496
0.0730372612
0.0033111921
0.1729131066
0.5366718694
0.0021291252
0.4528718871
0.7769572181
0.8934849991
0.7710910173
0.4342852043
0.9565684936
0.4423795965
0.0024212050
-0.2717494226
-0.3280523715
-0.1647147254
0.1705055558
0.5921219601
0.9967414589
0.2862533628
0.3891869067
0.2756553824
0.9628849455
0.5104772349
0.0067841115
-0.4503992665
-0.7745551334
-0.9081953452
-0.8340675148
-0.5777430475
-0.2013724179
0.2097977716
0.5651555792
0.7869881784
0.8256213467
0.6685550834
0.3420249860
-0.0950309016
-0.5631447132
-0.9780568177
-0.2668774847
-0.3815903883
-0.3074562941
-0.0649410577
-0.7050592550
-0.2992461179
0.0741766414
0.3443497495
0.4604203388
0.4001059122
0.1729129640
-0.1823462796
-0.6050778250
-0.0239618301
-0.3694915436
-0.5857882350
-0.6397128949
-0.5258467631
-0.2666744413
-0.9081346550
-0.5114619097
-0.1428065380
0.1375895104
0.2848983395
0.2764279307
0.1146096684
-0.1740623668
-0.5438043533
-0.9371313621
-0.2939752871
-0.5608758564

